0.539671
0.531824
0.617894
0.457494
0.564235
0.492518
0.544565
0.524894
0.514059
0.553035
0.526341
0.534259
0.521459
0.536082
0.519318
0.484812
0.563224
0.561882
0.521165
0.525600
0.533847
0.516647
0.511400
0.548024
0.621659
0.509129
0.467965
0.554588
0.547941
0.497753
0.440882
0.586459
0.580800
0.515576
0.587435
0.474824
0.573988
0.532741
0.523235
0.548094
0.532259
0.472835
0.537600
0.492988
0.577918
0.494200
0.573082
0.529082
0.568400
0.536212
0.503247
0.543447
0.545329
0.500788
0.476800
0.492859
0.604212
0.560306
0.500835
0.574600
0.519271
0.526376
0.521624
0.509188
0.517024
0.483976
0.436282
0.522929
0.537835
0.520224
0.505918
0.548212
0.535165
0.521953
0.524729
0.463541
0.478824
0.548141
0.493471
0.554306
0.513306
0.487800
0.536624
0.554541
0.538282
0.601459
0.535976
0.512706
0.576459
0.554047
0.578000
0.525388
0.547176
0.490706
0.541694
0.554659
0.562929
0.641600
0.455541
0.456859
0.606941
0.516294
0.524647
0.520812
0.582624
0.588988
0.509306
0.574506
0.526176
0.488118
0.536376
0.569659
0.517282
0.492741
0.582165
0.580188
0.576518
0.613623
0.458235
0.507306
0.575400
0.458647
0.549165
0.558600
0.497459
0.521259
0.514506
0.544318
0.539753
0.510388
0.500024
0.519259
0.561718
0.515506
0.567106
0.505729
0.557800
0.519541
0.507576
0.505918
0.513459
0.551388
0.583118
0.491965
0.553165
0.525882
0.486847
0.522671
0.477247
0.540706
0.625118
0.518965
0.443000
0.581376
0.525235
0.473988
0.520635
0.583129
0.507188
0.541247
0.462353
0.500824
0.573235
0.568471
0.503612
0.597800
0.553176
0.459118
0.596247
0.548659
0.551600
0.478424
0.561753
0.500059
0.499588
0.548176
0.596106
0.514435
0.493047
0.542506
0.538753
0.544459
0.519635
0.610247
0.573094
0.600718
0.493188
0.566871
0.476788
0.520612
0.567235
0.592576
0.517953
0.526294
0.542729
0.507047
0.532424
0.488118
0.519565
0.548529
0.549400
0.504529
0.527047
0.543047
0.552376
0.557012
0.527988
0.648271
0.671729
0.550494
0.525318
0.534047
0.511247
0.468765
0.484412
0.517153
0.531541
0.565388
0.567553
0.570400
0.549894
0.530753
0.499671
0.451929
0.409024
0.539224
0.522612
0.551165
0.611494
0.617000
0.553765
0.512094
0.529647
0.466576
0.494341
0.522600
0.548271
0.523565
0.581435
0.535118
0.500624
0.471047
0.458812
0.632459
0.527965
0.529400
0.520918
0.508812
0.611612
0.456565
0.519541
0.532882
0.469153
0.566353
0.520518
0.570000
0.507718
0.548541
0.510682
0.494271
0.588494
0.520365
0.529824
0.577294
0.486494
0.475929
0.598165
0.522941
0.468259
0.572882
0.541659
0.500800
0.528518
0.509788
0.508576
0.554741
0.513612
0.608129
0.596118
0.532576
0.565341
0.549141
0.533035
0.498106
0.557012
0.598741
0.526659
0.536129
0.409729
0.541329
0.463871
0.530459
0.524635
0.574753
0.579106
0.565718
0.513094
0.504718
0.438624
0.559294
0.561365
0.577224
0.502271
0.531353
0.608635
0.542306
0.524306
0.525047
0.475988
0.467988
0.563118
0.515906
0.498518
0.516506
0.546282
0.461612
0.537094
0.572000
0.496012
0.494153
0.563353
0.562353
0.537482
0.515082
0.549118
0.470929
0.521282
0.557471
0.584671
0.555141
0.531306
0.522235
0.519635
0.553388
0.504976
0.518929
0.606988
0.565624
0.552635
0.509235
0.463282
0.480671
0.550024
0.533388
0.547259
0.537847
0.530141
0.529882
0.536824
0.520765
0.512153
0.495400
0.591365
0.557047
0.588012
0.561294
0.563282
0.591788
0.478306
0.524882
0.480612
0.524165
0.483471
0.477071
0.544247
0.596682
0.471788
0.549435
0.560765
0.519576
0.519600
0.635247
0.610612
0.519035
0.444447
0.465471
0.544282
0.614624
0.631129
0.492953
0.543224
0.464071
0.582635
0.563906
0.590612
0.548247
0.481188
0.597447
0.559788
0.574459
0.381235
0.458341
0.466753
0.445694
0.492424
0.586259
0.607388
0.574753
0.556282
0.504200
0.446753
0.439988
0.510553
0.488059
0.594541
0.569129
0.597671
0.599671
0.573318
0.459659
0.573729
0.535553
0.565706
0.516929
0.570153
0.508565
0.506659
0.441412
0.603882
0.602765
0.611659
0.525612
0.596035
0.659612
0.617506
0.461776
0.518894
0.537894
0.503753
0.587624
0.521518
0.445224
0.507753
0.522565
0.585847
0.568318
0.576588
0.513200
0.549318
0.557565
0.520306
0.489765
0.526600
0.579329
0.491059
0.583824
0.528729
0.429776
0.403129
0.449588
0.444741
0.525247
0.471165
0.493694
0.566776
0.617647
0.736176
0.696671
0.498341
0.474000
0.457447
0.564541
0.421224
0.535612
0.624271
0.550929
0.595694
0.491765
0.513518
0.523165
0.453635
0.368341
0.419847
0.432529
0.636659
0.614871
0.630235
0.485188
0.516576
0.481000
0.523282
0.496941
0.452035
0.401200
0.404259
0.551541
0.439741
0.417341
0.472706
0.457224
0.458906
0.649518
0.680847
0.707000
0.565212
0.472341
0.396671
0.570953
0.553047
0.633306
0.707718
0.724094
0.783071
0.741247
0.664600
0.537812
0.548718
0.381976
0.542282
0.491400
0.359894
0.309824
0.419741
0.496353
0.590518
0.641506
0.633000
0.429118
0.612388
0.510847
0.485341
0.382965
0.311235
0.278788
0.310365
0.483918
0.605682
0.690906
0.706012
0.678482
0.225800
0.221776
0.304235
0.551529
0.708694
0.668071
0.633106
0.604694
0.643576
0.584553
0.397918
0.342376
0.331365
0.658588
0.738518
0.880812
0.967424
0.241729
0.187082
0.355835
0.482459
0.719106
0.765365
0.644894
0.677071
0.585694
0.532588
0.479318
0.475694
0.512588
0.472706
0.413318
0.450471
0.620282
0.612506
0.477153
0.486965
0.485329
0.474376
0.458906
0.500247
0.634847
0.548506
0.407471
0.446882
0.616553
0.694612
0.635153
0.513129
0.451600
0.374447
0.552706
0.646706
0.773706
0.740153
0.732729
0.510318
0.388294
0.544635
0.832129
0.239271
0.221153
0.286271
0.344306
0.761518
0.854847
0.630212
0.290835
0.242776
0.169565
0.232588
0.672118
0.752141
0.837647
0.905941
0.955188
0.694329
0.253671
0.141659
0.431518
0.503965
0.790106
0.790576
0.828671
0.793047
0.594224
0.672318
0.882682
0.828976
0.620341
0.470106
0.322000
0.106859
0.119341
0.469412
0.618435
0.816153
0.723953
0.392012
0.615776
0.720459
0.745376
0.638553
0.479200
0.587659
0.799306
0.352247
0.339271
0.658882
0.804835
0.493612
0.450965
0.374671
0.402529
0.505800
0.622529
0.525306
0.417000
0.464706
0.649094
0.554353
0.422918
0.470400
0.499353
0.554518
0.666671
0.640388
0.613882
0.475118
0.423165
0.396329
0.496224
0.565000
0.684565
0.772365
0.665318
0.555941
0.414376
0.579600
0.602353
0.529459
0.353106
0.303153
0.412624
0.484212
0.552306
0.539518
0.565718
0.531106
0.504459
0.463835
0.489776
0.459988
0.471129
0.532518
0.612165
0.671188
0.488659
0.490388
0.460400
0.508282
0.458765
0.651471
0.471047
0.535835
0.705388
0.708129
0.584988
0.439871
0.517471
0.724106
0.644259
0.430459
0.397600
0.382659
0.442871
0.571659
0.626365
0.555482
0.374471
0.448941
0.583729
0.670741
0.755988
0.572424
0.380106
0.388600
0.654706
0.632235
0.479918
0.482247
0.534200
0.448965
0.464659
0.499306
0.621541
0.458624
0.447882
0.462929
0.529965
0.561000
0.552565
0.595059
0.570235
0.546788
0.554435
0.588129
0.575988
0.492835
0.517776
0.595318
0.515647
0.432471
0.419788
0.592929
0.456212
0.443576
0.478824
0.622624
0.522906
0.385188
0.563129
0.597988
0.556318
0.506753
0.599659
0.593118
0.582176
0.574035
0.522659
0.388941
0.493435
0.525647
0.593071
0.602353
0.531671
0.421741
0.493553
0.554659
0.603447
0.449212
0.467506
0.483200
0.420282
0.448647
0.457624
0.515376
0.585212
0.617824
0.623447
0.493000
0.542494
0.554071
0.478576
0.501212
0.486353
0.566753
0.566388
0.511400
0.511800
0.539494
0.473541
0.470188
0.494412
0.557141
0.565306
0.606471
0.573976
0.450459
0.367000
0.600235
0.699776
0.535541
0.473612
0.390271
0.401929
0.465529
0.620506
0.588000
0.495812
0.494906
0.608047
0.603612
0.580918
0.537459
0.558165
0.532118
0.510306
0.392388
0.510353
0.490153
0.464318
0.475329
0.613741
0.554788
0.579659
0.516259
0.539235
0.576129
0.493988
0.484435
0.467400
0.525024
0.560682
0.548941
0.570118
0.481518
0.491812
0.503541
0.573318
0.568506
0.542929
0.505259
0.501318
0.544047
0.554494
0.504141
0.514600
0.553624
0.554306
0.527659
0.474024
0.544459
0.519165
0.581612
0.563541
0.581400
0.570376
0.464082
0.511588
0.558835
0.582494
0.492424
0.472176
0.468141
0.478800
0.602576
0.577988
0.452929
0.555188
0.532894
0.530365
0.499329
0.424247
0.543882
0.549671
0.634812
0.460094
0.514682
0.534871
0.564529
0.514459
0.537753
0.522518
0.477506
0.480353
0.516376
0.538200
0.513918
0.503918
0.513729
0.551047
0.554847
0.582365
0.563035
